c	semente = 123
c
c	Rede aleatoria aciclica orientada
c
T	a a o
c
N	1000
c
A	2000
c
r	1
c
s	613 
c
t	1 
c
a	592 604 2 
a	250 233 3 
a	554 166 3 
a	932 840 5 
a	930 492 8 
a	566 256 3 
a	414 434 6 
a	943 974 8 
a	862 677 5 
a	905 742 1 
a	396 865 9 
a	584 793 6 
a	512 188 4 
a	247 378 9 
a	659 152 9 
a	589 419 7 
a	965 871 9 
a	658 857 1 
a	386 583 6 
a	181 658 7 
a	319 986 1 
a	897 600 4 
a	174 612 1 
a	509 313 8 
a	383 742 1 
a	688 954 9 
a	49 951 6 
a	254 249 1 
a	448 567 3 
a	848 861 8 
a	313 977 7 
a	115 463 4 
a	530 642 7 
a	64 910 7 
a	907 997 9 
a	296 495 6 
a	710 338 3 
a	986 996 3 
a	823 247 4 
a	328 432 2 
a	20 337 6 
a	767 435 4 
a	539 187 3 
a	717 758 9 
a	654 81 7 
a	563 784 6 
a	466 404 7 
a	588 364 3 
a	199 669 6 
a	46 51 9 
a	661 660 4 
a	90 679 3 
a	990 991 4 
a	375 734 5 
a	513 159 2 
a	739 72 2 
a	811 711 9 
a	347 262 3 
a	306 869 3 
a	414 358 4 
a	559 6 7 
a	497 863 7 
a	395 442 3 
a	248 599 2 
a	253 597 1 
a	307 901 1 
a	636 763 4 
a	291 596 5 
a	902 781 2 
a	478 20 3 
a	815 229 9 
a	638 488 1 
a	433 543 8 
a	887 13 6 
a	413 873 6 
a	353 369 3 
a	134 408 7 
a	542 241 4 
a	915 996 2 
a	571 52 5 
a	928 736 6 
a	197 498 7 
a	605 410 6 
a	683 138 8 
a	801 708 7 
a	372 694 6 
a	85 768 7 
a	380 669 8 
a	562 15 1 
a	645 734 5 
a	791 599 7 
a	515 968 6 
a	753 680 3 
a	292 937 8 
a	92 149 2 
a	731 509 5 
a	181 832 1 
a	888 284 1 
a	679 264 9 
a	25 791 5 
a	94 428 9 
a	259 347 9 
a	216 19 1 
a	718 82 5 
a	803 397 9 
a	256 292 6 
a	183 853 3 
a	928 153 5 
a	606 715 3 
a	950 814 7 
a	516 812 9 
a	58 208 4 
a	519 86 6 
a	523 974 5 
a	623 355 6 
a	861 710 2 
a	54 333 6 
a	647 946 1 
a	728 25 2 
a	400 78 1 
a	611 738 6 
a	874 150 3 
a	578 634 6 
a	722 539 9 
a	2 677 4 
a	535 117 8 
a	959 77 5 
a	211 801 9 
a	342 796 9 
a	702 744 2 
a	485 786 8 
a	923 751 4 
a	707 936 3 
a	770 765 2 
a	862 881 8 
a	607 221 6 
a	990 1000 4 
a	506 603 5 
a	851 775 9 
a	60 569 9 
a	685 20 3 
a	479 59 2 
a	270 301 7 
a	745 92 4 
a	261 642 2 
a	163 51 3 
a	710 938 6 
a	537 965 9 
a	547 584 6 
a	870 955 9 
a	374 843 5 
a	48 122 8 
a	628 507 3 
a	409 589 1 
a	581 587 6 
a	365 314 4 
a	551 886 1 
a	267 885 4 
a	188 304 7 
a	262 20 4 
a	338 16 5 
a	517 875 1 
a	427 352 1 
a	103 746 9 
a	452 821 2 
a	922 739 4 
a	513 202 1 
a	236 596 6 
a	528 245 9 
a	572 803 3 
a	38 532 1 
a	144 964 9 
a	809 190 2 
a	695 409 9 
a	489 796 2 
a	642 909 8 
a	5 243 4 
a	757 956 2 
a	698 981 4 
a	572 543 2 
a	303 879 4 
a	146 125 4 
a	218 696 3 
a	413 138 9 
a	988 985 9 
a	338 956 2 
a	39 905 6 
a	600 389 6 
a	768 540 9 
a	233 890 9 
a	426 953 8 
a	175 797 9 
a	480 819 5 
a	81 748 8 
a	866 385 7 
a	767 491 7 
a	55 935 2 
a	68 1000 1 
a	75 773 5 
a	463 896 9 
a	24 280 5 
a	243 378 4 
a	396 847 7 
a	227 565 2 
a	103 217 9 
a	784 42 5 
a	568 38 9 
a	669 381 4 
a	807 93 3 
a	68 767 1 
a	529 857 2 
a	151 16 2 
a	984 989 1 
a	322 372 9 
a	580 962 1 
a	746 448 3 
a	478 17 8 
a	182 84 8 
a	21 541 4 
a	251 632 1 
a	299 688 7 
a	690 310 4 
a	470 943 6 
a	29 933 2 
a	300 200 1 
a	282 607 6 
a	704 156 2 
a	493 808 3 
a	806 152 6 
a	465 17 6 
a	216 426 9 
a	421 471 4 
a	432 397 4 
a	44 357 1 
a	403 752 9 
a	948 566 2 
a	157 261 5 
a	54 563 1 
a	56 700 4 
a	720 844 9 
a	604 589 6 
a	107 607 1 
a	429 770 9 
a	463 676 1 
a	947 509 9 
a	278 406 6 
a	59 797 9 
a	615 847 2 
a	700 399 9 
a	722 540 6 
a	982 980 9 
a	12 418 3 
a	861 734 2 
a	91 154 2 
a	454 315 7 
a	513 758 3 
a	323 566 9 
a	458 587 9 
a	238 71 9 
a	520 120 9 
a	69 483 5 
a	955 968 8 
a	662 572 3 
a	883 96 1 
a	560 648 3 
a	498 973 8 
a	184 430 2 
a	147 698 1 
a	40 653 4 
a	586 459 8 
a	515 999 6 
a	585 956 8 
a	443 222 6 
a	298 379 7 
a	609 980 7 
a	865 358 3 
a	196 673 4 
a	52 834 6 
a	907 33 2 
a	49 825 7 
a	945 300 6 
a	201 353 2 
a	998 999 3 
a	2 104 4 
a	439 365 1 
a	820 18 4 
a	547 944 9 
a	482 804 3 
a	10 622 8 
a	18 978 5 
a	137 272 6 
a	804 736 5 
a	666 342 5 
a	318 878 4 
a	436 151 9 
a	383 464 6 
a	430 41 4 
a	43 114 5 
a	953 853 3 
a	179 945 5 
a	423 285 5 
a	902 266 7 
a	689 11 9 
a	714 46 7 
a	598 107 1 
a	482 962 2 
a	536 240 7 
a	366 780 5 
a	263 80 2 
a	689 397 1 
a	58 696 4 
a	899 486 2 
a	682 500 6 
a	867 101 3 
a	770 984 6 
a	999 1000 1 
a	596 456 2 
a	186 15 6 
a	66 552 9 
a	449 371 3 
a	195 825 8 
a	887 612 1 
a	316 66 8 
a	61 719 6 
a	24 2 8 
a	63 702 3 
a	76 931 1 
a	535 659 7 
a	783 482 5 
a	41 73 8 
a	664 110 6 
a	127 19 6 
a	759 598 5 
a	896 676 7 
a	557 248 7 
a	312 644 5 
a	194 263 6 
a	301 551 8 
a	650 870 2 
a	331 482 3 
a	9 164 1 
a	910 653 9 
a	397 141 6 
a	831 806 2 
a	754 759 6 
a	345 346 1 
a	803 484 9 
a	390 732 8 
a	775 616 1 
a	143 556 7 
a	764 827 5 
a	594 949 9 
a	362 294 4 
a	116 660 2 
a	742 618 5 
a	224 970 1 
a	503 237 8 
a	518 170 3 
a	288 672 7 
a	504 449 4 
a	102 875 8 
a	51 138 5 
a	584 569 8 
a	607 909 6 
a	919 561 6 
a	351 154 9 
a	352 933 8 
a	170 201 4 
a	346 592 2 
a	357 659 6 
a	505 532 4 
a	573 95 4 
a	134 299 3 
a	119 527 1 
a	693 676 9 
a	624 500 3 
a	299 325 2 
a	877 124 3 
a	16 426 8 
a	698 996 9 
a	689 395 8 
a	277 269 5 
a	410 627 9 
a	166 49 7 
a	654 624 8 
a	365 773 5 
a	124 108 8 
a	439 897 1 
a	699 942 1 
a	741 349 7 
a	499 338 3 
a	924 79 1 
a	514 225 7 
a	131 100 8 
a	407 481 1 
a	970 967 4 
a	711 857 4 
a	789 341 7 
a	206 394 3 
a	602 876 9 
a	269 664 5 
a	491 551 4 
a	165 993 2 
a	205 16 6 
a	180 514 8 
a	512 57 3 
a	974 975 5 
a	679 980 3 
a	356 559 7 
a	406 373 1 
a	891 268 2 
a	952 961 3 
a	852 340 5 
a	403 194 6 
a	367 270 9 
a	845 854 2 
a	77 785 8 
a	717 24 7 
a	345 971 9 
a	472 677 7 
a	29 612 8 
a	668 293 9 
a	371 736 2 
a	349 693 5 
a	482 290 7 
a	101 607 9 
a	810 633 3 
a	991 989 7 
a	135 523 4 
a	234 986 2 
a	548 269 3 
a	659 967 8 
a	960 374 6 
a	580 971 9 
a	756 422 5 
a	112 12 2 
a	965 667 9 
a	913 117 1 
a	441 505 9 
a	746 278 8 
a	132 568 4 
a	910 887 1 
a	318 391 9 
a	123 703 9 
a	168 51 8 
a	336 995 2 
a	637 639 3 
a	50 920 3 
a	87 686 4 
a	199 556 4 
a	153 193 2 
a	832 200 5 
a	168 127 8 
a	169 163 6 
a	848 658 3 
a	921 672 1 
a	379 248 6 
a	539 763 8 
a	415 292 8 
a	80 475 1 
a	813 98 3 
a	848 477 4 
a	670 733 5 
a	196 541 8 
a	224 429 1 
a	865 958 9 
a	589 263 6 
a	712 471 6 
a	434 569 9 
a	413 859 8 
a	97 190 4 
a	804 51 3 
a	116 419 9 
a	977 979 3 
a	702 774 2 
a	657 25 4 
a	288 481 5 
a	398 960 5 
a	695 23 3 
a	168 783 4 
a	758 872 1 
a	422 505 1 
a	358 992 4 
a	844 460 2 
a	241 995 9 
a	570 140 8 
a	323 600 2 
a	806 630 5 
a	70 22 3 
a	836 620 9 
a	370 153 8 
a	840 441 5 
a	248 860 8 
a	560 556 6 
a	486 272 5 
a	118 509 3 
a	475 262 2 
a	915 938 1 
a	620 328 9 
a	301 487 7 
a	854 826 3 
a	422 706 5 
a	941 725 2 
a	519 408 1 
a	372 971 6 
a	993 995 5 
a	906 826 2 
a	699 936 3 
a	139 413 9 
a	160 959 7 
a	246 573 8 
a	248 469 6 
a	931 219 9 
a	656 891 7 
a	528 683 9 
a	579 731 1 
a	766 482 8 
a	968 773 6 
a	364 51 4 
a	944 816 2 
a	796 268 4 
a	53 790 2 
a	133 37 2 
a	599 766 2 
a	868 714 7 
a	282 534 7 
a	101 195 6 
a	334 169 1 
a	238 772 1 
a	136 967 6 
a	84 321 7 
a	682 740 7 
a	780 615 8 
a	19 898 6 
a	954 466 5 
a	828 986 9 
a	747 519 5 
a	530 974 1 
a	466 392 5 
a	663 969 2 
a	191 412 5 
a	462 160 9 
a	400 686 4 
a	250 788 4 
a	102 522 9 
a	834 495 4 
a	672 944 2 
a	163 320 3 
a	826 506 5 
a	193 515 6 
a	240 306 8 
a	604 58 9 
a	185 866 6 
a	47 770 9 
a	262 738 9 
a	945 52 4 
a	939 809 3 
a	505 481 1 
a	212 520 2 
a	761 794 3 
a	728 746 9 
a	734 25 6 
a	721 79 5 
a	652 3 9 
a	564 530 6 
a	797 123 8 
a	585 136 9 
a	259 956 4 
a	459 991 6 
a	199 367 8 
a	773 973 8 
a	118 480 2 
a	846 595 5 
a	11 405 6 
a	498 494 7 
a	250 368 6 
a	326 62 4 
a	333 594 3 
a	793 307 8 
a	937 952 5 
a	134 737 1 
a	149 864 2 
a	912 235 9 
a	889 50 6 
a	686 486 4 
a	819 544 7 
a	745 29 1 
a	636 851 5 
a	506 165 7 
a	846 812 1 
a	977 989 1 
a	622 835 1 
a	554 172 9 
a	750 384 1 
a	439 80 1 
a	769 924 3 
a	297 656 7 
a	796 358 1 
a	308 88 9 
a	786 781 5 
a	129 866 2 
a	545 228 6 
a	305 274 6 
a	235 114 6 
a	163 463 1 
a	841 55 9 
a	280 727 1 
a	706 597 4 
a	268 924 1 
a	760 749 9 
a	557 914 5 
a	700 761 5 
a	878 1000 3 
a	96 978 4 
a	316 227 7 
a	660 465 8 
a	483 218 3 
a	650 3 4 
a	693 838 7 
a	490 303 5 
a	802 69 5 
a	992 997 9 
a	740 308 2 
a	936 894 9 
a	551 971 1 
a	154 356 6 
a	795 774 2 
a	996 999 4 
a	279 230 3 
a	445 755 9 
a	429 289 9 
a	839 313 3 
a	656 976 1 
a	300 207 4 
a	339 338 1 
a	124 243 1 
a	111 808 9 
a	165 879 2 
a	819 188 6 
a	233 949 2 
a	436 118 2 
a	502 139 7 
a	291 792 4 
a	99 687 2 
a	992 993 9 
a	397 478 3 
a	749 666 1 
a	872 957 5 
a	885 344 6 
a	568 448 3 
a	382 822 1 
a	853 964 1 
a	606 417 8 
a	160 992 2 
a	272 611 5 
a	313 961 5 
a	612 368 8 
a	457 847 4 
a	42 586 2 
a	808 919 5 
a	221 15 7 
a	392 121 3 
a	400 371 4 
a	609 985 9 
a	904 228 5 
a	184 715 2 
a	204 468 1 
a	734 347 9 
a	747 342 5 
a	753 497 3 
a	640 402 2 
a	362 343 4 
a	203 900 3 
a	762 200 2 
a	148 36 5 
a	31 224 9 
a	190 147 3 
a	738 758 4 
a	995 996 1 
a	226 297 6 
a	378 929 3 
a	860 63 3 
a	894 955 3 
a	973 996 7 
a	526 437 6 
a	4 340 1 
a	537 135 9 
a	816 353 1 
a	232 525 1 
a	25 178 3 
a	337 257 3 
a	290 160 1 
a	442 71 9 
a	578 77 3 
a	762 879 3 
a	747 2 9 
a	696 1000 2 
a	780 842 8 
a	835 854 2 
a	442 493 2 
a	909 650 7 
a	734 721 6 
a	792 430 5 
a	953 643 5 
a	915 389 9 
a	247 321 4 
a	521 283 2 
a	472 955 3 
a	595 955 8 
a	8 853 8 
a	685 486 2 
a	218 364 9 
a	324 455 8 
a	320 497 5 
a	763 352 1 
a	359 39 2 
a	677 639 3 
a	609 981 5 
a	240 33 4 
a	787 535 2 
a	972 234 2 
a	629 143 2 
a	355 184 1 
a	886 319 5 
a	674 939 8 
a	678 498 2 
a	847 870 2 
a	302 519 5 
a	106 115 6 
a	273 904 1 
a	975 979 6 
a	468 47 6 
a	488 30 1 
a	301 957 9 
a	416 180 7 
a	795 15 8 
a	387 132 3 
a	263 17 3 
a	665 109 8 
a	716 67 8 
a	213 993 1 
a	920 209 9 
a	830 335 7 
a	678 762 6 
a	613 330 6 
a	390 979 1 
a	733 143 5 
a	946 537 2 
a	721 426 7 
a	564 845 8 
a	465 52 2 
a	6 557 8 
a	28 423 7 
a	836 875 6 
a	86 249 3 
a	315 902 3 
a	189 108 7 
a	723 847 3 
a	44 911 1 
a	829 314 6 
a	962 781 7 
a	469 449 3 
a	574 60 9 
a	129 212 8 
a	446 72 9 
a	100 649 6 
a	645 978 2 
a	25 426 5 
a	497 911 3 
a	536 844 6 
a	748 730 7 
a	171 33 6 
a	956 698 5 
a	114 410 9 
a	805 594 6 
a	648 586 8 
a	373 642 2 
a	335 922 1 
a	881 606 9 
a	51 1000 6 
a	548 598 9 
a	817 334 9 
a	65 785 3 
a	498 846 4 
a	852 401 3 
a	377 51 4 
a	995 1000 3 
a	47 186 8 
a	77 51 7 
a	290 4 4 
a	205 200 5 
a	185 20 7 
a	919 997 7 
a	555 188 4 
a	973 470 8 
a	978 190 8 
a	262 790 5 
a	357 706 5 
a	800 205 2 
a	842 907 3 
a	891 4 4 
a	97 943 3 
a	685 271 6 
a	404 779 7 
a	852 652 3 
a	529 697 1 
a	58 105 6 
a	977 987 8 
a	930 48 1 
a	361 273 3 
a	170 634 5 
a	61 654 6 
a	284 382 2 
a	546 246 1 
a	471 731 7 
a	456 356 6 
a	739 933 5 
a	582 588 9 
a	533 86 4 
a	727 91 1 
a	261 360 6 
a	550 387 6 
a	692 921 2 
a	282 651 5 
a	177 288 8 
a	966 675 8 
a	158 135 8 
a	254 773 2 
a	311 78 2 
a	822 577 1 
a	857 400 9 
a	569 471 3 
a	768 252 9 
a	691 746 7 
a	95 130 7 
a	838 299 4 
a	155 105 8 
a	801 489 4 
a	916 796 7 
a	687 259 8 
a	501 631 9 
a	281 461 8 
a	759 868 7 
a	592 608 9 
a	23 797 7 
a	253 473 3 
a	866 937 8 
a	232 819 1 
a	498 949 8 
a	724 671 5 
a	859 676 9 
a	813 207 4 
a	125 474 2 
a	628 870 1 
a	931 204 5 
a	52 160 4 
a	456 893 1 
a	907 947 5 
a	40 956 7 
a	300 618 5 
a	230 267 2 
a	11 314 6 
a	8 745 2 
a	433 997 6 
a	473 646 2 
a	190 526 5 
a	787 692 6 
a	121 319 8 
a	829 289 5 
a	444 846 1 
a	55 515 4 
a	249 710 3 
a	214 723 3 
a	429 872 5 
a	730 97 9 
a	994 998 3 
a	864 223 6 
a	826 462 7 
a	505 553 5 
a	490 804 9 
a	137 655 6 
a	228 927 9 
a	169 928 9 
a	109 747 7 
a	653 491 7 
a	665 595 8 
a	486 973 1 
a	388 145 1 
a	218 282 7 
a	371 977 8 
a	137 894 4 
a	655 238 8 
a	937 679 4 
a	127 64 6 
a	839 362 9 
a	684 713 7 
a	490 451 9 
a	421 461 4 
a	330 513 5 
a	781 804 3 
a	519 51 4 
a	187 194 9 
a	243 199 6 
a	726 689 7 
a	916 891 2 
a	802 754 9 
a	980 998 4 
a	814 549 3 
a	954 470 9 
a	713 909 7 
a	595 365 1 
a	859 576 6 
a	363 265 2 
a	736 970 2 
a	467 313 9 
a	52 461 3 
a	997 1000 8 
a	665 670 8 
a	188 107 6 
a	889 850 2 
a	420 968 6 
a	891 812 8 
a	983 991 4 
a	331 236 6 
a	601 85 3 
a	225 415 4 
a	419 194 8 
a	462 487 9 
a	901 628 2 
a	90 384 6 
a	530 846 6 
a	827 509 2 
a	821 459 1 
a	583 214 6 
a	883 216 6 
a	967 773 9 
a	529 301 9 
a	130 643 3 
a	946 691 2 
a	821 870 1 
a	210 570 1 
a	552 153 4 
a	882 789 5 
a	210 576 6 
a	249 241 5 
a	959 147 6 
a	122 80 8 
a	309 11 4 
a	509 147 3 
a	633 799 6 
a	534 109 1 
a	326 145 5 
a	915 691 8 
a	531 692 9 
a	145 860 3 
a	684 70 7 
a	311 640 7 
a	2 856 5 
a	44 701 7 
a	963 364 3 
a	200 953 1 
a	229 518 8 
a	600 248 5 
a	509 973 5 
a	467 884 8 
a	643 870 3 
a	778 782 5 
a	985 989 1 
a	873 366 3 
a	733 619 5 
a	444 603 5 
a	825 409 6 
a	532 443 7 
a	496 102 1 
a	41 493 3 
a	106 83 5 
a	83 574 3 
a	440 1000 9 
a	961 451 5 
a	415 728 4 
a	608 650 2 
a	272 217 9 
a	709 941 1 
a	735 469 3 
a	929 861 7 
a	617 947 6 
a	187 493 7 
a	935 122 4 
a	277 409 6 
a	722 675 9 
a	198 295 9 
a	286 883 1 
a	267 240 6 
a	529 569 3 
a	484 867 1 
a	605 594 3 
a	530 26 1 
a	540 665 1 
a	102 967 2 
a	45 343 3 
a	960 158 9 
a	244 829 6 
a	369 595 9 
a	917 734 9 
a	562 287 4 
a	158 147 4 
a	808 492 6 
a	134 885 8 
a	953 773 6 
a	581 136 6 
a	70 436 3 
a	614 69 7 
a	499 165 9 
a	35 957 9 
a	173 345 2 
a	824 696 3 
a	127 398 4 
a	706 264 2 
a	221 812 1 
a	150 15 6 
a	490 515 4 
a	417 998 7 
a	768 240 5 
a	374 941 5 
a	575 932 5 
a	26 110 3 
a	608 202 8 
a	782 279 9 
a	523 543 1 
a	535 32 1 
a	48 407 4 
a	340 516 2 
a	484 179 4 
a	245 403 3 
a	649 521 6 
a	147 955 5 
a	474 976 6 
a	198 802 1 
a	90 286 7 
a	265 76 4 
a	237 735 1 
a	446 669 3 
a	46 650 9 
a	470 995 3 
a	164 396 4 
a	579 342 5 
a	307 618 6 
a	492 80 3 
a	18 216 6 
a	301 181 5 
a	455 662 4 
a	285 242 1 
a	271 868 8 
a	696 517 7 
a	812 708 4 
a	841 967 1 
a	239 23 6 
a	292 984 4 
a	327 602 7 
a	767 350 2 
a	155 878 2 
a	880 195 1 
a	395 710 1 
a	389 852 1 
a	726 18 7 
a	74 171 7 
a	697 157 2 
a	896 571 6 
a	159 446 9 
a	62 416 2 
a	437 319 5 
a	432 503 8 
a	354 20 6 
a	418 460 8 
a	33 711 1 
a	242 590 3 
a	855 787 2 
a	229 816 3 
a	60 161 2 
a	527 877 8 
a	834 820 1 
a	58 547 8 
a	639 234 8 
a	45 33 9 
a	394 254 1 
a	594 828 5 
a	225 120 3 
a	661 10 3 
a	258 370 3 
a	220 842 8 
a	848 467 9 
a	183 729 4 
a	981 982 2 
a	138 652 8 
a	375 331 2 
a	426 757 7 
a	719 349 3 
a	579 989 9 
a	461 995 7 
a	502 155 3 
a	908 431 1 
a	331 611 6 
a	756 873 4 
a	511 788 2 
a	917 534 8 
a	448 996 8 
a	401 712 1 
a	818 777 2 
a	658 652 6 
a	340 977 3 
a	955 853 5 
a	911 599 9 
a	605 845 7 
a	289 783 4 
a	516 221 9 
a	791 543 8 
a	371 832 6 
a	122 89 1 
a	606 712 4 
a	786 249 2 
a	791 217 6 
a	725 870 9 
a	796 952 3 
a	845 685 4 
a	209 776 6 
a	956 962 3 
a	693 408 8 
a	158 731 1 
a	945 399 3 
a	354 60 3 
a	621 206 8 
a	644 981 5 
a	113 198 8 
a	857 46 2 
a	297 512 5 
a	649 502 9 
a	718 993 6 
a	676 916 7 
a	893 538 1 
a	909 912 2 
a	393 180 6 
a	933 187 2 
a	922 226 8 
a	126 447 4 
a	42 109 5 
a	794 852 7 
a	963 578 6 
a	576 882 6 
a	68 966 8 
a	965 281 7 
a	376 440 3 
a	413 665 7 
a	735 261 6 
a	408 450 1 
a	453 841 4 
a	629 977 2 
a	979 988 9 
a	165 989 5 
a	401 994 1 
a	610 94 3 
a	43 370 1 
a	89 654 4 
a	198 365 8 
a	71 106 2 
a	940 113 3 
a	850 375 1 
a	360 807 5 
a	663 587 3 
a	432 796 2 
a	192 175 7 
a	427 126 5 
a	971 105 9 
a	369 529 1 
a	96 558 6 
a	53 96 1 
a	576 332 8 
a	832 123 6 
a	388 131 8 
a	896 573 5 
a	219 594 2 
a	815 593 3 
a	274 855 5 
a	770 264 4 
a	22 350 8 
a	208 585 9 
a	448 249 7 
a	699 467 6 
a	513 556 8 
a	374 866 2 
a	958 219 9 
a	875 401 9 
a	396 7 3 
a	139 60 3 
a	977 999 3 
a	873 708 4 
a	941 999 8 
a	950 462 2 
a	224 709 5 
a	875 948 5 
a	779 941 6 
a	253 821 2 
a	553 302 3 
a	437 21 2 
a	197 807 9 
a	477 421 3 
a	616 210 5 
a	331 475 3 
a	446 636 8 
a	239 133 2 
a	435 545 3 
a	433 937 8 
a	67 641 2 
a	428 575 7 
a	950 253 3 
a	601 929 5 
a	880 378 2 
a	594 981 8 
a	719 220 2 
a	918 886 6 
a	715 617 9 
a	405 578 5 
a	178 993 7 
a	384 496 5 
a	772 550 8 
a	105 874 6 
a	621 830 7 
a	231 908 1 
a	418 511 1 
a	127 531 3 
a	247 625 1 
a	911 451 2 
a	379 906 8 
a	959 556 1 
a	738 3 4 
a	667 874 2 
a	207 701 6 
a	626 312 2 
a	906 524 8 
a	837 225 7 
a	414 275 2 
a	350 182 3 
a	980 997 1 
a	703 268 1 
a	943 982 7 
a	110 305 9 
a	921 357 5 
a	279 853 5 
a	900 510 1 
a	692 555 3 
a	411 554 1 
a	418 548 1 
a	52 874 8 
a	878 990 4 
a	589 52 4 
a	203 674 4 
a	898 482 5 
a	286 106 9 
a	634 892 2 
a	519 378 3 
a	247 964 5 
a	596 785 2 
a	822 785 6 
a	78 587 8 
a	538 333 2 
a	276 404 1 
a	840 645 4 
a	104 667 7 
a	776 994 5 
a	217 687 3 
a	63 123 8 
a	472 168 6 
a	32 215 2 
a	632 102 3 
a	471 17 5 
a	964 989 8 
a	863 880 4 
a	161 696 3 
a	15 949 7 
a	791 556 5 
a	163 933 5 
a	796 183 7 
a	755 760 2 
a	111 601 9 
a	863 244 6 
a	995 997 9 
a	541 593 8 
a	234 811 1 
a	900 488 3 
a	73 815 8 
a	463 55 8 
a	254 656 9 
a	587 213 1 
a	286 104 9 
a	183 975 4 
a	809 501 4 
a	104 766 4 
a	635 53 8 
a	175 56 4 
a	7 521 6 
a	24 943 4 
a	146 165 6 
a	314 185 2 
a	339 585 2 
a	959 961 5 
a	663 800 2 
a	316 171 7 
a	615 899 2 
a	688 937 6 
a	782 809 9 
a	646 823 1 
a	115 571 5 
a	358 178 6 
a	341 848 2 
a	953 313 7 
a	48 891 2 
a	561 191 2 
a	139 211 7 
a	427 531 3 
a	102 319 9 
a	666 410 1 
a	333 984 9 
a	332 31 1 
a	30 258 7 
a	2 598 9 
a	883 888 7 
a	515 970 8 
a	991 996 2 
a	332 211 6 
a	818 251 1 
a	593 976 4 
a	26 479 8 
a	162 326 3 
a	500 813 9 
a	299 404 3 
a	81 585 3 
a	79 433 5 
a	158 15 5 
a	309 720 7 
a	878 336 5 
a	444 200 2 
a	743 277 2 
a	17 377 8 
a	332 477 1 
a	241 36 9 
a	173 834 7 
a	523 736 7 
a	697 452 1 
a	440 82 1 
a	618 553 4 
a	34 830 8 
a	257 985 9 
a	284 876 3 
a	903 472 8 
a	424 536 1 
a	583 424 6 
a	489 991 1 
a	117 934 3 
a	912 999 9 
a	761 604 8 
a	356 447 1 
a	244 855 2 
a	782 544 3 
a	615 728 9 
a	875 580 8 
a	165 986 2 
a	705 726 3 
a	129 929 1 
a	752 511 4 
a	275 880 7 
a	873 469 3 
a	692 397 2 
a	963 162 3 
a	344 837 6 
a	116 865 4 
a	675 399 4 
a	458 364 3 
a	989 992 3 
a	373 385 9 
a	510 825 2 
a	78 87 9 
a	632 367 8 
a	141 95 2 
a	178 731 7 
a	690 873 4 
a	715 333 4 
a	823 406 6 
a	885 712 2 
a	565 670 8 
a	846 974 1 
a	436 295 3 
a	848 862 5 
a	333 490 9 
a	657 309 6 
a	542 666 3 
a	449 713 9 
a	821 386 1 
a	181 995 4 
a	448 211 8 
a	718 427 7 
a	415 847 6 
a	84 169 6 
a	86 970 8 
a	128 383 4 
a	303 135 5 
a	434 515 3 
a	495 260 8 
a	493 314 6 
a	577 196 7 
a	124 291 6 
a	581 235 9 
a	102 281 5 
a	333 805 7 
a	617 889 8 
a	339 794 3 
a	833 356 7 
a	114 420 8 
a	136 603 9 
a	417 968 5 
a	135 805 7 
a	552 114 6 
a	939 298 7 
a	202 255 4 
a	165 123 7 
a	431 930 1 
a	769 656 7 
a	381 75 6 
a	856 582 7 
a	755 390 9 
a	639 281 3 
a	595 729 6 
a	751 329 9 
a	976 977 7 
a	416 499 5 
a	721 462 3 
a	895 425 7 
a	3 200 6 
a	88 699 9 
a	462 217 9 
a	59 77 3 
a	285 809 4 
a	890 300 8 
a	980 983 3 
a	844 589 7 
a	894 152 9 
a	800 679 1 
a	363 474 5 
a	438 437 3 
a	398 349 5 
a	913 296 4 
a	241 685 5 
a	598 678 3 
a	546 730 4 
a	392 87 2 
a	639 657 8 
a	336 709 3 
a	956 508 6 
a	778 560 9 
a	849 610 7 
a	423 482 2 
a	698 79 1 
a	911 556 1 
a	474 949 1 
a	797 788 5 
a	147 79 6 
a	593 650 7 
a	956 264 2 
a	625 213 9 
a	364 661 9 
a	820 593 8 
a	333 757 2 
a	72 35 6 
a	82 321 9 
a	714 471 2 
a	630 361 4 
a	465 919 2 
a	180 375 6 
a	475 276 1 
a	765 990 3 
a	294 262 7 
a	971 183 6 
a	469 556 1 
a	219 176 5 
a	892 439 7 
a	287 90 7 
a	288 348 9 
a	671 388 2 
a	252 453 5 
a	589 924 3 
a	81 444 1 
a	255 693 2 
a	789 534 9 
a	144 438 7 
a	411 998 1 
a	314 891 3 
a	441 992 8 
a	441 385 5 
a	828 736 9 
a	527 389 6 
a	918 99 8 
a	130 300 4 
a	554 660 2 
a	894 32 4 
a	694 380 9 
a	312 961 3 
a	586 994 1 
a	312 195 1 
a	665 239 1 
a	945 717 6 
a	869 528 1 
a	156 28 6 
a	768 626 3 
a	161 231 1 
a	961 773 4 
a	91 142 8 
a	654 785 1 
a	808 902 5 
a	525 614 7 
a	304 972 7 
a	444 178 3 
a	878 339 2 
a	625 485 3 
a	890 390 8 
a	154 250 8 
a	255 963 5 
a	455 269 2 
a	876 311 1 
a	306 316 5 
a	391 894 7 
a	305 325 1 
a	412 157 3 
a	85 828 1 
a	376 268 3 
a	635 586 8 
a	858 62 8 
a	969 494 2 
a	683 911 3 
a	142 43 4 
a	829 818 9 
a	322 297 2 
a	444 609 5 
a	651 591 6 
a	324 722 7 
a	985 990 8 
a	952 313 1 
a	680 602 3 
a	765 36 1 
a	128 824 2 
a	788 741 7 
a	314 477 7 
a	257 580 7 
a	27 371 7 
a	441 177 5 
a	464 707 2 
a	37 923 6 
a	878 734 9 
a	884 685 5 
a	893 824 5 
a	853 996 1 
a	572 316 6 
a	871 915 7 
a	744 194 4 
a	362 730 3 
a	59 743 8 
a	321 104 7 
a	773 992 8 
a	47 895 2 
a	896 597 8 
a	657 645 5 
a	164 906 7 
a	181 790 1 
a	942 410 5 
a	899 393 5 
a	759 744 2 
a	459 667 7 
a	984 987 7 
a	601 947 9 
a	589 567 2 
a	192 919 4 
a	154 578 3 
a	141 105 6 
a	494 10 8 
a	190 609 5 
a	944 319 1 
a	729 138 2 
a	33 458 6 
a	631 917 9 
a	934 374 3 
a	200 970 4 
a	703 967 8 
a	268 990 6 
a	638 146 7 
a	930 692 2 
a	818 136 7 
a	210 74 2 
a	933 123 9 
a	590 68 3 
a	141 595 1 
a	637 203 8 
a	389 648 7 
a	776 117 9 
a	837 17 6 
a	81 264 9 
a	700 842 3 
a	5 645 8 
a	301 868 4 
a	371 138 2 
a	449 533 3 
a	979 982 5 
a	565 758 2 
a	593 795 9 
a	964 193 2 
a	969 197 3 
a	198 12 7 
a	438 966 9 
a	667 211 3 
a	951 322 8 
a	112 97 3 
a	98 438 2 
a	348 363 4 
a	267 541 8 
a	488 309 6 
a	36 506 3 
a	741 247 8 
a	54 302 2 
a	938 579 4 
a	57 800 7 
a	644 445 3 
a	686 581 8 
a	236 289 9 
a	724 905 4 
a	253 854 4 
a	916 65 9 
a	884 323 9 
a	222 111 4 
a	169 365 1 
a	75 150 1 
a	820 491 6 
a	642 866 6 
a	181 272 2 
a	953 994 9 
a	201 354 5 
a	98 74 3 
a	986 989 3 
a	945 239 9 
a	93 677 1 
a	701 913 8 
a	262 769 3 
a	326 313 1 
a	641 798 2 
a	101 318 1 
a	19 271 5 
a	619 411 8 
a	254 940 2 
a	461 358 4 
a	267 14 3 
a	502 912 4 
a	148 849 5 
a	193 970 2 
a	915 868 4 
a	877 985 7 
a	591 562 8 
a	407 955 7 
a	256 981 1 
a	34 336 1 
a	465 986 3 
a	70 257 6 
a	504 836 5 
a	323 252 6 
a	21 36 8 
a	826 647 4 
a	735 663 7 
a	283 426 6 
a	446 994 2 
a	400 172 6 
a	636 739 6 
a	452 956 8 
a	611 893 3 
a	627 378 6 
a	723 103 4 
a	177 387 6 
a	524 638 8 
a	469 211 6 
a	481 926 1 
a	60 901 8 
a	15 461 5 
a	422 637 1 
a	855 246 3 
a	70 25 4 
a	549 778 5 
a	326 447 5 
a	915 519 8 
a	556 937 8 
a	220 105 8 
a	605 44 2 
a	385 389 6 
a	776 119 3 
a	416 137 9 
a	309 213 7 
a	128 511 1 
a	603 706 2 
a	929 975 8 
a	391 233 9 
a	294 749 2 
a	925 145 4 
a	728 10 4 
a	489 770 4 
a	510 831 3 
a	979 609 7 
a	986 988 5 
a	702 794 5 
a	703 994 9 
a	425 621 4 
a	363 138 1 
a	229 998 6 
a	702 519 3 
a	97 996 8 
a	762 457 8 
a	197 704 9 
a	522 174 8 
a	856 490 5 
a	904 107 9 
a	31 129 5 
a	440 758 2 
a	798 858 4 
a	676 997 8 
a	942 903 7 
a	708 338 7 
a	556 710 4 
a	555 791 4 
a	120 296 2 
a	569 155 8 
a	136 278 9 
a	914 61 7 
a	41 48 2 
a	197 727 6 
a	399 486 8 
a	927 324 8 
a	447 214 7 
a	427 80 4 
a	367 16 7 
a	689 121 3 
a	916 656 8 
a	355 79 1 
a	266 140 1 
a	617 804 3 
a	820 36 2 
a	197 437 5 
a	899 309 7 
a	779 243 8 
a	713 839 8 
a	760 623 6 
a	269 647 6 
a	840 660 5 
a	99 194 1 
a	13 317 3 
a	563 893 9 
a	17 340 3 
a	492 546 9 
a	772 517 4 
a	802 724 8 
a	74 517 2 
a	481 598 5 
a	514 29 8 
a	474 339 9 
a	337 757 3 
a	152 52 1 
a	13 592 4 
a	108 674 9 
a	635 58 7 
a	344 489 7 
a	667 377 5 
a	952 986 6 
a	310 817 8 
a	72 360 6 
a	432 717 8 
a	292 281 2 
a	624 247 6 
a	23 414 5 
a	295 8 5 
a	971 790 3 
a	632 722 7 
a	451 790 7 
a	283 167 8 
a	491 824 6 
a	268 51 9 
a	419 605 3 
a	277 809 1 
a	196 534 3 
a	847 304 7 
a	954 421 5 
a	698 371 8 
a	213 146 5 
a	114 948 3 
a	150 271 5 
a	508 186 9 
a	993 997 1 
a	725 376 6 
a	545 716 2 
a	481 725 7 
a	391 635 1 
a	103 754 2 
a	345 53 3 
a	167 705 6 
a	947 957 1 
a	398 660 7 
a	22 269 8 
a	399 332 8 
a	771 712 5 
a	926 192 4 
a	843 771 8 
a	855 437 1 
a	151 477 2 
a	153 454 1 
a	932 788 8 
a	785 158 5 
a	207 757 8 
a	905 337 6 
a	677 961 5 
a	558 918 7 
a	955 952 3 
a	692 543 2 
a	403 868 1 
a	786 11 5 
a	573 128 7 
a	776 850 9 
a	336 652 6 
a	960 467 1 
a	75 144 5 
a	801 736 1 
a	835 869 1 
a	547 34 9 
a	105 515 5 
a	594 499 1 
a	406 676 1 
a	244 540 3 
a	996 994 6 
a	529 597 6 
a	377 629 7 
a	420 40 2 
a	611 281 1 
a	215 668 4 
a	535 384 5 
a	294 847 2 
a	596 299 9 
a	522 845 7 
a	777 444 1 
a	983 984 6 
a	16 956 6 
a	705 588 7 
a	582 462 9 
a	487 172 9 
a	683 461 7 
a	495 313 6 
a	205 27 4 
a	848 765 9 
a	612 241 3 
a	544 681 2 
a	947 564 5 
a	597 25 1 
a	823 756 4 
a	417 754 5 
a	43 684 2 
a	264 962 9 
a	771 349 3 
a	638 611 8 
a	192 561 2 
a	121 925 3 
a	729 538 3 
a	460 226 3 
a	999 997 8 
a	534 458 8 
a	978 397 6 
a	560 211 9 
a	647 937 1 
a	864 173 9 
a	172 533 3 
a	193 981 4 
a	705 87 3 
a	9 600 2 
a	845 66 5 
a	474 989 9 
a	790 523 3 
a	957 928 5 
a	334 833 3 
a	1000 1 9 
a	142 52 4 
a	140 683 2 
a	176 34 5 
a	674 191 4 
a	170 676 6 
a	230 692 2 
a	673 682 3 
a	879 769 1 
a	905 648 7 
a	229 807 2 
a	269 424 2 
a	799 873 8 
a	319 542 6 
a	775 832 4 
a	658 762 9 
a	598 486 8 
a	637 812 6 
a	567 294 2 
a	239 733 2 
a	680 764 7 
a	641 212 6 
a	775 94 7 
a	476 753 9 
a	380 398 6 
a	77 478 6 
a	757 996 8 
a	10 811 3 
a	29 351 3 
a	636 177 7 
a	158 151 7 
a	737 850 6 
a	571 134 9 
a	260 325 2 
a	507 22 7 
a	858 148 8 
a	354 45 7 
a	548 812 3 
a	177 270 1 
a	968 995 8 
a	321 929 6 
a	293 54 8 
a	458 885 7 
a	543 853 8 
a	774 555 9 
a	518 235 4 
a	274 399 3 
a	712 560 6 
a	343 414 8 
a	681 327 1 
a	601 352 6 
a	99 690 1 
a	783 129 6 
a	368 695 3 
a	783 294 1 
a	857 420 5 
a	781 773 3 
a	450 81 4 
a	575 639 5 
a	534 112 2 
a	841 886 6 
a	45 9 4 
a	570 504 4 
a	351 645 6 
a	510 309 3 
a	329 189 8 
a	38 867 3 
a	949 566 7 
a	963 332 8 
a	759 593 4 
a	235 66 2 
a	676 991 9 
a	256 983 1 
a	35 810 8 
a	8 80 4 
a	563 461 8 
a	977 991 4 
a	706 999 1 
a	139 158 8 
a	499 543 4 
a	317 253 5 
a	493 868 6 
a	607 434 9 
a	104 367 6 
a	43 692 6 
a	754 404 4 
a	898 5 2 
a	797 223 2 
a	14 476 5 
a	611 703 6 
a	827 232 8 
a	968 828 5 
a	968 993 6 
a	417 950 7 
a	370 116 2 
a	732 115 1 
a	694 990 9 
a	232 760 4 
a	975 976 1 
a	456 725 7 
a	325 845 9 
a	794 208 5 
a	17 499 3 
a	483 807 3 
a	948 777 9 
a	535 718 8 
a	833 505 6 
a	402 295 9 
a	650 676 3 
a	27 126 9 
a	100 399 2 
a	749 359 2 
a	728 750 8 
a	161 719 5 
a	223 539 7 
a	987 986 9 
